g g 0 0 0 0 0 0 0 0 0 0 0 0 0 0 0 0 0 0 0
g g 0 0 0 0 0 g g g g g g g g g 0 0 0 0 0
g g 0 0 0 0 0 g g 0 g g g g g g 0 0 0 0 0
g g g g g g g g g 0 g g g ge g g 0 0 0 0 0
g g g g g g g g g 0 g g g g g g 0 0 0 0 0
g g 0 b bp b 0 g g g g g g g g g 0 0 0 0 0
g g 0 0 0 0 0 g g g g g g g g g 0 0 0 0 0
0 0 0 0 0 0 0 0 0 0 0 0 0 0 0 0 0 0 0 0 0
0 0 0 0 0 0 0 0 0 0 0 0 0 0 0 0 0 0 0 0 0
0 0 0 0 0 0 0 0 0 0 0 0 0 0 0 0 0 0 0 0 0
0 0 0 0 0 0 0 0 0 0 0 0 0 0 0 0 0 0 0 0 0
0 0 0 0 0 0 0 0 0 0 0 0 0 0 0 0 0 0 0 0 0
0 0 0 0 0 0 0 0 0 0 0 0 0 0 0 0 0 0 0 0 0